0.000341088 0 0
0.000530407 0 0
0.000719726 0 0
0.000909045 0 0
0.00109836 0 0
0.00128768 0 0
0.001477 0 0
0.00166632 0 0
0.00185564 0 0
0.00204496 0 0
0.00223428 0 0
0.0024236 0 0
0.00261292 0 0
0.00280224 0 0
0.00299155 0 0
0.00318087 0 0
0.00337019 0 0
0.00355951 0 0
0.00374883 0 0
0.00393815 0 0
0.00412747 0 0
0.00431679 0 0
0.00450611 0 0
0.00469543 0 0
0.00488474 0 0
0.00507406 0 0
0.00526338 0 0
0.0054527 446.062 4.94191
0.00564202 1140.85 97.2005
0.00583134 2017.92 171.947
0.00602066 2320.36 127.158
0.00620998 2210.73 90.8321
0.0063993 2093.67 76.652
0.00658862 2107.72 67.7736
0.00677793 2013.53 66.598
0.00696725 1864.1 52.2858
0.00715657 1687.79 49.5482
0.00734589 1575.36 36.1098
0.00753521 1427.18 32.9657
0.00772453 1290.97 28.6093
0.00791385 1202.98 21.7612
0.00810317 1094.32 19.4531
0.00829249 1017.52 17.4409
0.00848181 942.381 13.0332
0.00867113 873.469 11.2322
0.00886044 821.132 9.86813
0.00904976 757.693 8.2511
0.00923908 706.865 6.69275
0.0094284 658.18 6.00334
0.00961772 618.714 5.57801
0.00980704 581.636 5.26324
0.00999636 545.813 4.68895
0.0101857 512.557 4.0263
0.010375 479.684 3.7666
0.0105643 454.86 3.25584
0.0107536 429.374 3.00622
0.010943 405.136 2.558
0.0111323 383.046 2.36487
0.0113216 357.786 2.16914
0.0115109 340.693 1.9139
0.0117002 321.406 1.80106
0.0118895 305.31 1.70503
0.0120789 290.685 1.54074
0.0122682 274.171 1.45897
0.0124575 262.45 1.34403
0.0126468 249.797 1.283
0.0128361 239.106 1.17459
0.0130255 229.218 1.06244
0.0132148 219.332 1.04938
0.0134041 209.297 0.952502
0.0135934 200.196 0.918282
0.0137827 192.028 0.762304
0.0139721 183.6 0.698566
0.0141614 177.001 0.664384
0.0143507 170.442 0.6273
0.01454 164.658 0.560253
0.0147293 159.42 1.09194
0.0149187 153.416 0.951451
0.015108 148.111 0.52306
0.0152973 142.996 0.479459
0.0154866 138.546 0.452477
0.0156759 134.001 0.44698
0.0158652 129.584 0.422916
0.0160546 125.726 0.405898
0.0162439 121.936 0.389177
0.0164332 119.425 0.400713
0.0166225 114.974 0.376193
0.0168118 111.236 0.362327
0.0170012 107.94 0.336005
0.0171905 104.877 0.351048
0.0173798 102.86 0.365497
0.0175691 100.419 0.340114
0.0177584 98.0069 0.31478
0.0179478 95.3689 0.318533
0.0181371 92.2692 0.323415
0.0183264 90.3397 0.298983
0.0185157 88.9982 0.297993
0.018705 86.6395 0.297569
0.0188944 84.4325 0.280546
0.0190837 83.0895 0.275529
0.019273 81.6746 0.278036
0.0194623 80.2584 0.259133
0.0196516 78.5192 0.255123
0.0198409 76.6838 0.25715
0.0200303 75.1569 0.259167
0.0202196 74.1684 0.249366
0.0204089 73.0458 0.247723
0.0205982 71.8092 0.256124
0.0207875 70.377 0.225392
0.0209769 69.114 0.216372
0.0211662 68.2967 0.22599
0.0213555 67.2388 0.23483
0.0215448 65.8724 0.221277
0.0217341 64.6925 0.207442
0.0219235 63.6174 0.202103
0.0221128 62.7923 0.21542
0.0223021 62.197 0.211805
0.0224914 61.3522 0.210765
0.0226807 60.8082 0.219536
0.0228701 60.283 0.204682
0.0230594 59.8239 0.19521
0.0232487 58.902 0.186822
0.023438 58.2942 0.197059
0.0236273 57.9584 0.189194
0.0238166 57.2035 0.198865
0.024006 56.5746 0.19081
0.0241953 55.5807 0.180665
0.0243846 54.6154 0.173232
0.0245739 54.0135 0.173774
0.0247632 53.3779 0.176985
0.0249526 53.2057 0.176583
0.0251419 52.5429 0.165903
0.0253312 52.0625 0.178794
0.0255205 51.4254 0.164821
0.0257098 50.7209 0.157929
0.0258992 50.1034 0.168196
0.0260885 49.825 0.165401
0.0262778 49.9251 0.172253
0.0264671 49.8971 0.166122
0.0266564 49.1629 0.162986
0.0268458 48.85 0.170469
0.0270351 48.3982 0.166104
0.0272244 47.6663 0.162246
0.0274137 47.2482 0.162452
0.027603 47.0295 0.158276
0.0277923 46.6694 0.153105
0.0279817 46.5457 0.15265
0.028171 46.011 0.151927
0.0283603 45.6423 0.154792
0.0285496 45.4948 0.151774
0.0287389 45.3504 0.151631
0.0289283 45.1397 0.149476
0.0291176 44.9546 0.149939
0.0293069 44.5477 0.140075
0.0294962 44.1153 0.144963
0.0296855 43.621 0.151585
0.0298749 43.5652 0.15095
0.0300642 43.1331 0.146832
0.0302535 43.1952 0.139413
0.0304428 43.301 0.144169
0.0306321 43.0878 0.145606
0.0308215 42.7281 0.145095
0.0310108 42.4489 0.148535
0.0312001 42.3065 0.142755
0.0313894 42.0349 0.142581
0.0315787 41.6999 0.142731
0.031768 41.495 0.145671
0.0319574 41.5128 0.139105
0.0321467 41.2495 0.141779
0.032336 41.3058 0.141974
0.0325253 41.1113 0.134413
0.0327146 40.7863 0.137274
0.032904 40.3616 0.135284
0.0330933 40.2407 0.129999
0.0332826 40.2216 0.134071
0.0334719 39.7563 0.13615
0.0336612 39.7678 0.133922
0.0338506 39.8297 0.126665
0.0340399 39.5999 0.12924
0.0342292 39.6259 0.127826
0.0344185 39.5143 0.134451
0.0346078 39.613 0.129791
0.0347972 39.4284 0.129418
0.0349865 39.2053 0.12862
0.0351758 39.115 0.125781
0.0353651 38.9542 0.128233
0.0355544 38.8034 0.125551
0.0357437 38.5816 0.119063
0.0359331 38.5537 0.123995
0.0361224 38.3489 0.125731
0.0363117 38.2955 0.125613
0.036501 38.4718 0.118658
0.0366903 38.2988 0.119994
0.0368797 38.3448 0.125794
0.037069 38.2154 0.12384
0.0372583 38 0.119968
0.0374476 37.933 0.118492
0.0376369 37.8318 0.122004
0.0378263 37.6289 0.122367
0.0380156 37.7411 0.120505
0.0382049 37.7559 0.11773
0.0383942 37.5901 0.116347
0.0385835 37.3889 0.119878
0.0387729 37.122 0.122067
0.0389622 37.0447 0.117063
0.0391515 37.2026 0.117125
0.0393408 37.1231 0.117618
0.0395301 37.0172 0.115473
0.0397194 36.9395 0.113399
0.0399088 37.0894 0.115194
0.0400981 37.1185 0.117069
0.0402874 36.7088 0.119669
0.0404767 36.6126 0.11708
0.040666 36.7473 0.113209
0.0408554 36.6728 0.111805
0.0410447 36.4851 0.110688
0.041234 36.3817 0.110881
0.0414233 36.3729 0.110862
0.0416126 36.3444 0.111653
0.041802 36.2378 0.111776
0.0419913 36.1099 0.10934
0.0421806 35.9663 0.10845
0.0423699 35.7857 0.108164
0.0425592 35.8106 0.1018
0.0427486 35.8418 0.103917
0.0429379 35.9101 0.10653
0.0431272 35.9384 0.106441
0.0433165 36.0121 0.107798
0.0435058 35.7725 0.108301
0.0436951 35.6727 0.109594
0.0438845 35.6595 0.10893
0.0440738 35.7351 0.108354
0.0442631 35.647 0.110315
0.0444524 35.5258 0.109566
0.0446417 35.4359 0.103861
0.0448311 35.4887 0.105118
0.0450204 35.5746 0.106122
0.0452097 35.6063 0.107118
0.045399 35.5419 0.110558
0.0455883 35.3736 0.105502
0.0457777 35.2303 0.102272
0.045967 35.0831 0.101533
0.0461563 35.1001 0.105631
0.0463456 35.1815 0.103832
0.0465349 35.1786 0.106073
0.0467243 34.9414 0.10636
0.0469136 34.9319 0.10737
0.0471029 34.9142 0.109702
0.0472922 34.9235 0.107163
0.0474815 34.9253 0.108981
0.0476708 34.8108 0.101919
0.0478602 34.87 0.102105
0.0480495 34.789 0.102957
0.0482388 34.7728 0.105138
0.0484281 34.7368 0.101723
0.0486174 34.5409 0.0996453
0.0488068 34.5809 0.0987508
0.0489961 34.706 0.101552
0.0491854 34.86 0.100374
0.0493747 34.8813 0.102313
0.049564 34.8374 0.1022
0.0497534 34.7749 0.0992432
0.0499427 34.4708 0.0991223
0.050132 34.2447 0.098361
0.0503213 34.3156 0.100039
0.0505106 34.4051 0.101154
0.0506999 34.3501 0.101116
0.0508893 34.2769 0.101254
0.0510786 34.2391 0.0996217
0.0512679 34.4101 0.101718
0.0514572 34.5566 0.102086
0.0516465 34.4454 0.0967365
0.0518359 34.5381 0.0951044
0.0520252 34.4347 0.095027
0.0522145 34.5658 0.0956417
0.0524038 34.5992 0.0986592
0.0525931 34.2733 0.0961425
0.0527825 34.2685 0.0999801
0.0529718 34.3768 0.097702
0.0531611 34.3729 0.0957244
0.0533504 34.4651 0.0973731
0.0535397 34.5006 0.0980613
0.0537291 34.0675 0.0962352
0.0539184 33.9506 0.0950836
0.0541077 33.979 0.0954115
0.054297 34.2402 0.0958841
0.0544863 34.3684 0.0953095
0.0546756 34.3427 0.0979532
0.054865 34.241 0.0946444
0.0550543 34.019 0.0947042
0.0552436 33.9705 0.0951399
0.0554329 33.9981 0.0953147
0.0556222 34.0989 0.0950703
0.0558116 34.0977 0.0984507
0.0560009 34.116 0.0946329
0.0561902 33.9834 0.0942132
0.0563795 33.891 0.0906677
0.0565688 33.8442 0.0933334
0.0567582 33.8059 0.0917603
0.0569475 33.8512 0.094813
0.0571368 33.8712 0.0940583
0.0573261 33.9731 0.0936181
0.0575154 34.3281 0.0908713
0.0577048 34.1365 0.0915604
0.0578941 33.8723 0.090025
0.0580834 33.8933 0.0915694
0.0582727 33.9554 0.0946283
0.058462 33.7806 0.0917838
0.0586514 33.856 0.0907221
0.0588407 34.1076 0.0902926
0.05903 34.2595 0.0943035
0.0592193 33.9925 0.0923692
0.0594086 33.8025 0.0917092
0.0595979 33.7411 0.0875399
0.0597873 33.912 0.0920605
0.0599766 33.9968 0.0896025
0.0601659 33.9204 0.0898249
0.0603552 33.7874 0.0880644
0.0605445 33.7613 0.0889796
0.0607339 33.8103 0.0885851
0.0609232 33.7051 0.0869793
0.0611125 33.7741 0.0870821
0.0613018 33.5796 0.0880722
0.0614911 33.4504 0.088082
0.0616805 33.5652 0.0906741
0.0618698 33.574 0.09234
0.0620591 33.5061 0.0933358
0.0622484 33.665 0.0917269
0.0624377 33.6561 0.0880804
0.062627 33.5828 0.0866421
0.0628164 33.551 0.0890772
0.0630057 33.6199 0.0887366
0.063195 33.4435 0.0887205
0.0633843 33.4434 0.0886213
0.0635736 33.4417 0.0860539
0.063763 33.4601 0.0863862
0.0639523 33.4961 0.0872794
0.0641416 33.6195 0.0885973
0.0643309 33.5591 0.0871154
0.0645202 33.5285 0.0852588
0.0647096 33.4613 0.0876421
0.0648989 33.379 0.0888271
0.0650882 33.4182 0.0887107
0.0652775 33.6875 0.0885033
0.0654668 33.6678 0.0861899
0.0656562 33.4365 0.0865304
0.0658455 33.4397 0.0862347
0.0660348 33.5118 0.0861969
0.0662241 33.7549 0.0869922
0.0664134 33.512 0.0846627
0.0666028 33.3966 0.0840181
0.0667921 33.4733 0.0849406
0.0669814 33.6001 0.0861223
0.0671707 33.4546 0.0878347
0.06736 33.4805 0.0863318
0.0675493 33.4947 0.0867307
0.0677387 33.509 0.0837848
0.067928 33.3244 0.086269
0.0681173 33.3023 0.0848205
0.0683066 33.4035 0.0831943
0.0684959 33.4397 0.0843611
0.0686853 33.3764 0.0850924
0.0688746 33.5141 0.0841339
0.0690639 33.6958 0.0837292
0.0692532 33.6427 0.0807095
0.0694425 33.4871 0.0819445
0.0696319 33.4537 0.0827354
0.0698212 33.5771 0.0836167
0.0700105 33.4061 0.0868568
0.0701998 33.2626 0.0825563
0.0703891 33.265 0.0785298
0.0705784 33.2778 0.0801751
0.0707678 33.4712 0.0813927
0.0709571 33.4783 0.0813131
0.0711464 33.5535 0.0824557
0.0713357 33.6648 0.0841687
0.071525 33.7298 0.082926
0.0717144 33.5762 0.0833722
0.0719037 33.5068 0.0838589
0.072093 33.4459 0.0851793
0.0722823 33.144 0.0816145
0.0724716 33.2003 0.080873
0.072661 33.4239 0.0823108
0.0728503 33.4617 0.0847001
0.0730396 33.3846 0.0833069
0.0732289 33.3397 0.082666
0.0734182 33.1949 0.0800749
0.0736076 33.0353 0.0793072
0.0737969 33.029 0.0801555
0.0739862 33.2971 0.0833737
0.0741755 33.2908 0.0823905
0.0743648 33.2029 0.080538
0.0745542 33.2512 0.0806253
0.0747435 33.357 0.0805225
0.0749328 33.4511 0.0802759
0.0751221 33.4535 0.0787553
0.0753114 33.4687 0.0810231
0.0755007 33.3975 0.0814924
0.0756901 33.3148 0.0782169
0.0758794 33.479 0.07885
0.0760687 33.3315 0.0797537
0.076258 33.2206 0.0796077
0.0764473 33.3248 0.0791863
0.0766367 33.3116 0.0773209
0.076826 33.1903 0.0787369
0.0770153 33.1702 0.0790094
0.0772046 33.417 0.0787669
0.0773939 33.3882 0.0773556
0.0775833 33.3516 0.0786072
0.0777726 33.4635 0.0792699
0.0779619 33.5077 0.0770095
0.0781512 33.6109 0.0788719
0.0783405 33.5632 0.0784541
0.0785298 33.3306 0.078545
0.0787192 33.2811 0.0788013
0.0789085 33.1364 0.0764366
0.0790978 33.36 0.078954
0.0792871 33.4171 0.0781359
0.0794764 33.3868 0.0769451
0.0796658 33.2544 0.0753142
0.0798551 33.1578 0.078512
0.0800444 33.3597 0.0778971
0.0802337 33.4534 0.0786191
0.080423 33.194 0.075485
0.0806124 33.1452 0.0779062
0.0808017 33.2925 0.0791613
0.080991 33.4563 0.0780395
0.0811803 33.4399 0.0769179
0.0813696 33.3064 0.0798574
0.081559 33.3668 0.0763653
0.0817483 33.5021 0.0790525
0.0819376 33.4484 0.0772809
0.0821269 33.3847 0.0749114
0.0823162 33.4203 0.0760816
0.0825055 33.5125 0.0775642
0.0826949 33.6073 0.077413
0.0828842 33.5732 0.0765476
0.0830735 33.6079 0.0762357
0.0832628 33.6654 0.0782739
0.0834521 33.5577 0.0770997
0.0836415 33.3693 0.0765881
0.0838308 33.2872 0.0763178
0.0840201 33.4404 0.0738566
0.0842094 33.5055 0.0747232
0.0843987 33.4751 0.0759804
0.0845881 33.3975 0.0740494
0.0847774 33.4591 0.0769453
0.0849667 33.3075 0.0760577
0.085156 33.2689 0.0768075
0.0853453 33.4372 0.077303
0.0855347 33.3472 0.0763794
0.085724 33.2815 0.0748854
0.0859133 33.3498 0.0743987
0.0861026 33.3927 0.0744123
0.0862919 33.6206 0.0748108
0.0864813 33.6077 0.0728651
0.0866706 33.5452 0.0748128
0.0868599 33.6769 0.0755829
0.0870492 33.7288 0.0780915
0.0872385 33.5571 0.0742065
0.0874278 33.4567 0.0740561
0.0876172 33.6333 0.0758585
0.0878065 33.5695 0.0747329
0.0879958 33.5511 0.0754923
0.0881851 33.4296 0.0747411
0.0883744 33.4034 0.075871
0.0885638 33.5272 0.0743436
0.0887531 33.5239 0.0714371
0.0889424 33.513 0.0738372
0.0891317 33.64 0.0761857
0.089321 33.6821 0.0740287
0.0895104 33.5656 0.0736519
0.0896997 33.6587 0.0710251
0.089889 33.6575 0.0705211
0.0900783 33.5917 0.0730966
0.0902676 33.6902 0.073216
0.0904569 33.722 0.0730296
0.0906463 33.758 0.0735673
0.0908356 33.9087 0.0737613
0.0910249 33.8094 0.0727123
0.0912142 33.7864 0.0729183
0.0914035 33.6991 0.0743469
0.0915929 33.6996 0.0741579
0.0917822 33.6624 0.072076
0.0919715 33.7403 0.0740948
0.0921608 33.8157 0.0725472
0.0923501 33.9701 0.0731423
0.0925395 33.8233 0.0719135
0.0927288 33.7243 0.0701811
0.0929181 33.9653 0.0720835
0.0931074 33.9175 0.0726917
0.0932967 34.0131 0.0727424
0.0934861 33.8349 0.0718453
0.0936754 33.7419 0.0710019
0.0938647 33.697 0.0703606
0.094054 33.7643 0.0714491
0.0942433 33.9248 0.0705949
0.0944326 33.9301 0.0711806
0.094622 33.9353 0.0698523
0.0948113 34.0059 0.0703306
0.0950006 34.0168 0.0721377
0.0951899 34.0572 0.0720588
0.0953792 34.0389 0.0723338
0.0955686 33.8782 0.0701372
0.0957579 34.0615 0.0697193
0.0959472 34.1478 0.0696937
0.0961365 34.1674 0.0706101
0.0963258 34.238 0.0698507
0.0965152 34.1803 0.0716931
0.0967045 34.2076 0.0729366
0.0968938 34.2066 0.0720642
0.0970831 34.1882 0.0705926
0.0972724 34.3108 0.0728755
0.0974618 34.1294 0.0698184
0.0976511 34.1007 0.0694116
0.0978404 34.2705 0.0692943
0.0980297 34.0765 0.0714051
0.098219 34.0382 0.0709748
0.0984083 34.0214 0.0699006
0.0985977 34.1092 0.07245
0.098787 34.2206 0.0730368
0.0989763 34.4247 0.0713063
0.0991656 34.3256 0.0736709
0.0993549 34.2046 0.07247
0.0995443 34.2246 0.0716542
0.0997336 34.4765 0.0701879
0.0999229 34.6545 0.0719001
0.100112 34.5066 0.0706806
0.100302 34.4664 0.0718613
0.100491 34.6279 0.0708483
0.10068 34.8689 0.0706461
0.100869 34.8945 0.0712892
0.101059 34.8888 0.0727205
0.101248 34.8468 0.0722313
0.101437 34.936 0.0700474
0.101627 35.017 0.0714244
0.101816 34.8725 0.0727049
0.102005 34.8319 0.0726828
0.102195 34.8625 0.0709861
0.102384 34.9635 0.0723393
0.102573 35.0521 0.0732578
0.102763 35.2019 0.0723071
0.102952 35.1491 0.0713218
0.103141 35.1405 0.0744299
0.103331 35.2774 0.0732797
0.10352 35.4402 0.0728745
0.103709 35.6073 0.073082
0.103899 35.5922 0.0745982
0.104088 35.475 0.0736777
0.104277 35.7604 0.0729957
0.104467 35.878 0.0731757
0.104656 35.9507 0.0745841
0.104845 36.0279 0.0731093
0.105035 36.0763 0.072317
0.105224 36.2549 0.0707112
0.105413 36.3135 0.0737116
0.105602 36.379 0.0716309
0.105792 36.4912 0.0750989
0.105981 36.6472 0.0745078
0.10617 36.6227 0.0750963
0.10636 36.8005 0.0753322
0.106549 36.8118 0.0789662
0.106738 36.7897 0.081244
0.106928 36.7845 0.0908437
0.107117 37.0125 0.0988107
0.107306 37.1688 0.104783
0.107496 37.3783 0.107839
0.107685 37.3273 0.113504
0.107874 37.2905 0.116876
0.108064 37.2799 0.110498
0.108253 37.3323 0.111986
0.108442 37.0161 0.103176
0.108632 36.8342 0.0960705
0.108821 36.8879 0.0899491
0.10901 36.7976 0.0844446
0.1092 36.6229 0.0805011
0.109389 36.4392 0.0749517
0.109578 36.2353 0.0725181
0.109767 36.1577 0.0714388
0.109957 36.2275 0.0720664
0.110146 36.2111 0.0714894
0.110335 36.1157 0.0714505
0.110525 36.0077 0.0711834
0.110714 36.1265 0.0706856
0.110903 35.9525 0.0710822
0.111093 35.7256 0.0697966
0.111282 35.8042 0.0680692
0.111471 35.8631 0.0678443
0.111661 35.7495 0.0686879
0.11185 35.5952 0.0687982
0.112039 35.5944 0.0676201
0.112229 35.5479 0.0707294
0.112418 35.6014 0.0702252
0.112607 35.4426 0.0698417
0.112797 35.3197 0.0679985
0.112986 35.4577 0.0667794
0.113175 35.3228 0.0690811
0.113365 35.4589 0.0700436
0.113554 35.5013 0.0684117
0.113743 35.5344 0.0687024
0.113933 35.5462 0.0689565
0.114122 35.4058 0.0692404
0.114311 35.2527 0.0684285
0.1145 35.3232 0.067023
0.11469 35.3771 0.0683769
0.114879 35.4226 0.0690343
0.115068 35.4879 0.0698611
0.115258 35.5485 0.0700903
0.115447 35.5406 0.0685589
0.115636 35.4501 0.0684552
0.115826 35.3533 0.0686894
0.116015 35.5167 0.0688375
0.116204 35.5549 0.0693893
0.116394 35.5206 0.0665111
0.116583 35.4924 0.0666144
0.116772 35.4438 0.0670469
0.116962 35.4128 0.0666092
0.117151 35.322 0.0687732
0.11734 35.3121 0.0711046
0.11753 35.4631 0.0698183
0.117719 35.5147 0.0684219
0.117908 35.4973 0.0681819
0.118098 35.493 0.0684755
0.118287 35.5417 0.068654
0.118476 35.516 0.069493
0.118665 35.4957 0.069749
0.118855 35.644 0.069526
0.119044 35.6298 0.0679276
0.119233 35.5462 0.0685416
0.119423 35.5846 0.0674019
0.119612 35.5453 0.0678587
0.119801 35.4765 0.0677554
0.119991 35.4237 0.068745
0.12018 35.6241 0.0680154
0.120369 35.7008 0.0675938
0.120559 35.8029 0.0684412
0.120748 35.7675 0.0673207
0.120937 35.5606 0.0658491
0.121127 35.7233 0.0690767
0.121316 35.8075 0.0692422
0.121505 35.938 0.0688022
0.121695 35.9675 0.0693749
0.121884 35.7161 0.0689147
0.122073 35.783 0.0690757
0.122263 35.7019 0.0678532
0.122452 35.8599 0.0664218
0.122641 36.0255 0.0679187
0.122831 36.2228 0.074904
0.12302 36.145 0.0720946
0.123209 36.0945 0.0720807
0.123398 36.0201 0.0686223
0.123588 36.1461 0.0690185
0.123777 36.308 0.0680094
0.123966 36.2245 0.0667049
0.124156 36.2923 0.0672485
0.124345 36.4998 0.0691377
0.124534 36.6958 0.0670666
0.124724 36.7591 0.0697422
0.124913 36.9439 0.0690343
0.125102 36.9839 0.0730485
0.125292 37.1126 0.0766593
0.125481 37.1586 0.0786126
0.12567 37.2808 0.0829561
0.12586 37.5172 0.0890432
0.126049 37.9338 0.094596
0.126238 38.4253 0.101481
0.126428 38.6171 0.104288
0.126617 38.8513 0.108746
0.126806 38.9585 0.109666
0.126996 39.0947 0.110475
0.127185 39.2881 0.115361
0.127374 39.23 0.118052
0.127563 39.55 0.124121
0.127753 39.4718 0.126634
0.127942 39.4548 0.128081
0.128131 39.706 0.1341
0.128321 39.4758 0.127886
0.12851 39.5342 0.129531
0.128699 39.2848 0.125179
0.128889 39.2215 0.131734
0.129078 39.0109 0.135509
0.129267 38.8976 0.139301
0.129457 38.8535 0.130187
0.129646 38.7579 0.131901
0.129835 38.5543 0.126894
0.130025 38.3668 0.121002
0.130214 38.1937 0.11202
0.130403 37.927 0.109875
0.130593 37.826 0.102443
0.130782 37.7201 0.0899014
0.130971 37.6782 0.0854574
0.131161 37.5994 0.0845057
0.13135 37.5072 0.0790061
0.131539 37.3609 0.0797759
0.131729 37.1761 0.0740187
0.131918 37.0501 0.0712805
0.132107 37.1927 0.0693376
0.132296 37.1144 0.0705611
0.132486 37.133 0.0699027
0.132675 37.2077 0.070018
0.132864 37.1622 0.0698112
0.133054 37.0706 0.0689166
0.133243 36.9742 0.0675221
0.133432 37.0018 0.0683723
0.133622 37.0564 0.0681763
0.133811 36.9762 0.0685332
0.134 37.1118 0.0681812
0.13419 37.2162 0.0664787
0.134379 37.166 0.0666534
0.134568 37.1684 0.0674044
0.134758 37.0939 0.067364
0.134947 37.1056 0.0673537
0.135136 37.1895 0.0675014
0.135326 37.2255 0.0676736
0.135515 37.2774 0.0680007
0.135704 37.4545 0.0675644
0.135894 37.1943 0.0650557
0.136083 37.1828 0.0644939
0.136272 37.2546 0.066774
0.136461 37.286 0.0663464
0.136651 37.42 0.0664607
0.13684 37.5055 0.0660913
0.137029 37.5736 0.0682014
0.137219 37.4896 0.0682614
0.137408 37.4398 0.0669206
0.137597 37.5137 0.0658439
0.137787 37.5079 0.0678216
0.137976 37.6139 0.0667239
0.138165 37.5473 0.0663485
0.138355 37.6343 0.0661497
0.138544 37.6676 0.0657293
0.138733 37.6517 0.0664086
0.138923 37.5605 0.0657647
0.139112 37.6404 0.0662193
0.139301 37.6801 0.0670104
0.139491 37.7282 0.0658873
0.13968 37.6852 0.0663944
0.139869 37.7941 0.067031
0.140059 37.7943 0.0666364
0.140248 37.7715 0.065826
0.140437 37.8261 0.0642254
0.140626 37.719 0.064461
0.140816 37.8346 0.0652372
0.141005 37.8607 0.0665251
0.141194 37.9418 0.0659178
0.141384 37.9713 0.0664971
0.141573 37.8332 0.066511
0.141762 37.8437 0.0655286
0.141952 37.86 0.0664974
0.142141 37.944 0.0675554
0.14233 37.9058 0.0671337
0.14252 38.0021 0.0681279
0.142709 38.2519 0.0664774
0.142898 38.1541 0.0657044
0.143088 38.1808 0.0654288
0.143277 38.1766 0.0657077
0.143466 38.1873 0.0669553
0.143656 38.0651 0.066637
0.143845 38.1131 0.0643407
0.144034 38.0972 0.0645058
0.144224 38.1901 0.0653879
0.144413 38.3469 0.0649922
0.144602 38.4528 0.0657819
0.144792 38.5015 0.0659073
0.144981 38.3987 0.0644315
0.14517 38.4062 0.0654858
0.145359 38.3935 0.0635194
0.145549 38.5787 0.0625473
0.145738 38.505 0.0649971
0.145927 38.536 0.0640224
0.146117 38.6528 0.0656113
0.146306 38.7371 0.0662029
0.146495 38.8459 0.0651568
0.146685 38.8085 0.0659569
0.146874 38.7624 0.0656518
0.147063 38.8529 0.0659891
0.147253 38.9078 0.0653855
0.147442 38.7134 0.0655715
0.147631 38.6455 0.0650277
0.147821 38.6877 0.0646429
0.14801 38.6402 0.064198
0.148199 38.6366 0.0639796
0.148389 38.8414 0.0636832
0.148578 38.9823 0.0639675
0.148767 38.978 0.0642986
0.148957 39.0131 0.0650272
0.149146 38.99 0.0650132
0.149335 39.045 0.0636595
0.149524 39.0127 0.0645854
0.149714 39.013 0.0638953
0.149903 39.0876 0.0655385
0.150092 39.0861 0.0644818
0.150282 38.9786 0.0638963
0.150471 39.1352 0.063257
0.15066 39.3364 0.0639876
0.15085 39.3506 0.0649383
0.151039 39.266 0.0640246
0.151228 39.262 0.0653419
0.151418 39.2745 0.0634623
0.151607 39.3458 0.0636979
0.151796 39.5137 0.0694868
0.151986 39.5467 0.0652733
0.152175 39.5395 0.0659681
0.152364 39.5656 0.0643958
0.152554 39.5298 0.064007
0.152743 39.602 0.0636013
0.152932 39.7363 0.0647284
0.153122 39.721 0.0656942
0.153311 39.7593 0.0662416
0.1535 39.6339 0.0648133
0.15369 39.5801 0.0658258
0.153879 39.5208 0.0640085
0.154068 39.7538 0.0624377
0.154257 39.828 0.0643235
0.154447 39.9745 0.0656062
0.154636 39.9693 0.0648193
0.154825 39.9361 0.0635299
0.155015 40.0146 0.0637154
0.155204 39.9853 0.0631705
0.155393 39.9607 0.0637147
0.155583 40.0215 0.0650423
0.155772 39.9935 0.0636959
0.155961 39.9587 0.0643975
0.156151 39.9947 0.0638361
0.15634 39.9417 0.0626976
0.156529 40.0426 0.0638565
0.156719 40.0416 0.0637606
0.156908 40.0824 0.0638731
0.157097 40.1748 0.0643258
0.157287 40.18 0.0629669
0.157476 40.1504 0.0628805
0.157665 40.3258 0.0623995
0.157855 40.4008 0.0624993
0.158044 40.4396 0.0647009
0.158233 40.4022 0.0645791
0.158422 40.3582 0.0648923
0.158612 40.3985 0.0648723
0.158801 40.3684 0.0648821
0.15899 40.4355 0.0640449
0.15918 40.521 0.0632702
0.159369 40.4911 0.0633841
0.159558 40.5347 0.0645633
0.159748 40.461 0.0633746
0.159937 40.7416 0.064055
0.160126 40.8861 0.0641111
0.160316 40.9489 0.0637958
0.160505 40.8856 0.0633209
0.160694 40.8354 0.0640497
0.160884 40.7443 0.0645476
0.161073 40.9352 0.0642915
0.161262 41.0565 0.063544
0.161452 41.148 0.0643027
0.161641 41.0927 0.0646558
0.16183 41.0346 0.0639896
0.16202 41.1093 0.0648255
0.162209 41.1125 0.0638577
0.162398 41.0734 0.0648684
0.162587 41.2727 0.0640288
0.162777 41.3723 0.0638344
0.162966 41.216 0.0636999
0.163155 41.1652 0.0631396
0.163345 41.2108 0.0629375
0.163534 41.2599 0.0635037
0.163723 41.3594 0.0621519
0.163913 41.3715 0.0630949
0.164102 41.3592 0.0640279
0.164291 41.3938 0.0644868
0.164481 41.5024 0.0647413
0.16467 41.6297 0.0646808
0.164859 41.6836 0.0631141
0.165049 41.7195 0.0627541
0.165238 41.6056 0.0625606
0.165427 41.4381 0.0643159
0.165617 41.4793 0.0643186
0.165806 41.4851 0.064056
0.165995 41.483 0.0637621
0.166185 41.6385 0.0637259
0.166374 41.7868 0.0648026
0.166563 41.7374 0.064197
0.166753 41.838 0.0633375
0.166942 41.844 0.0634792
0.167131 41.8393 0.0640862
0.16732 42.0627 0.0633078
0.16751 42.075 0.0622312
0.167699 42.0494 0.06194
0.167888 41.994 0.0635451
0.168078 42.0906 0.0615099
0.168267 42.1965 0.0631694
0.168456 42.1094 0.0623852
0.168646 42.1008 0.0633358
0.168835 42.1527 0.0628536
0.169024 42.3248 0.0626939
0.169214 42.2989 0.0618398
0.169403 42.3592 0.0619824
0.169592 42.4278 0.0624735
0.169782 42.3784 0.0629468
0.169971 42.4626 0.06369
0.17016 42.5552 0.0637584
0.17035 42.6053 0.0646286
0.170539 42.5701 0.0648768
0.170728 42.6536 0.0635476
0.170918 42.7744 0.0625137
0.171107 42.7964 0.0624252
0.171296 42.8553 0.0616544
0.171485 42.8556 0.0615736
0.171675 42.9557 0.06179
0.171864 42.9848 0.0635097
0.172053 42.9862 0.0642505
0.172243 43.0006 0.0630839
0.172432 42.9762 0.0629467
0.172621 42.9365 0.0625143
0.172811 43.0201 0.0618714
0.173 43.1721 0.0623727
0.173189 43.1481 0.0627144
0.173379 43.214 0.0626041
0.173568 43.1942 0.0627944
0.173757 43.2146 0.0637381
0.173947 43.3276 0.0634237
0.174136 43.3268 0.0637717
0.174325 43.1785 0.0642066
0.174515 43.1995 0.0638693
0.174704 43.3844 0.0632885
0.174893 43.4814 0.0634555
0.175083 43.4522 0.0636424
0.175272 43.4921 0.0640526
0.175461 43.56 0.0630681
0.175651 43.5697 0.0623498
0.17584 43.7165 0.0621948
0.176029 43.6671 0.063037
0.176218 43.6756 0.062655
0.176408 43.8332 0.0618567
0.176597 43.8046 0.0616454
0.176786 43.8348 0.0619735
0.176976 43.9 0.0621581
0.177165 43.9155 0.0613668
0.177354 44.0754 0.0611277
0.177544 44.1413 0.0620897
0.177733 44.1211 0.0632721
0.177922 44.1244 0.0620115
0.178112 44.1908 0.0632242
0.178301 44.1604 0.0629084
0.17849 44.1588 0.0615174
0.17868 44.219 0.0606681
0.178869 44.4484 0.0617041
0.179058 44.4852 0.0623174
0.179248 44.3745 0.0631009
0.179437 44.5465 0.063261
0.179626 44.5172 0.0621567
0.179816 44.4599 0.0614407
0.180005 44.3938 0.0613212
0.180194 44.5643 0.0616711
0.180383 44.7032 0.0629617
0.180573 44.6673 0.0624585
0.180762 44.6126 0.0619568
0.180951 44.7373 0.0634962
0.181141 44.7419 0.061705
0.18133 44.7474 0.0622693
0.181519 44.7994 0.0635608
0.181709 44.8076 0.0625967
0.181898 45.0268 0.0625185
0.182087 44.9228 0.0636929
0.182277 45.0435 0.0637561
0.182466 45.0335 0.0635841
0.182655 45.0026 0.0632641
0.182845 44.9901 0.0628642
0.183034 45.1139 0.0633405
0.183223 45.2565 0.062991
0.183413 45.3664 0.062663
0.183602 45.4198 0.0649138
0.183791 45.4336 0.0647561
0.183981 45.5385 0.0644407
0.18417 45.4759 0.0635035
0.184359 45.6788 0.0627968
0.184549 45.7646 0.0619562
0.184738 45.7299 0.0644705
0.184927 45.6262 0.0644398
0.185116 45.7433 0.0648988
0.185306 45.7783 0.0653938
0.185495 45.8973 0.0647643
0.185684 45.8949 0.064043
0.185874 45.9917 0.0653894
0.186063 46.0646 0.0649082
0.186252 46.0712 0.0655635
0.186442 45.994 0.0642923
0.186631 46.1163 0.0649918
0.18682 46.2648 0.0663011
0.18701 46.3497 0.0663441
0.187199 46.288 0.0648256
0.187388 46.2393 0.0641259
0.187578 46.1631 0.0637635
0.187767 46.36 0.0646697
0.187956 46.3671 0.0650522
0.188146 46.3265 0.0659013
0.188335 46.2504 0.0657643
0.188524 46.3437 0.065125
0.188714 46.2904 0.066368
0.188903 46.4797 0.0663819
0.189092 46.5648 0.0660982
0.189281 46.5592 0.0641718
0.189471 46.5952 0.0635378
0.18966 46.6782 0.0643214
0.189849 46.7737 0.0653953
0.190039 46.8506 0.06572
0.190228 46.8715 0.0662096
0.190417 46.9281 0.0656827
0.190607 46.9725 0.0665352
0.190796 46.9838 0.0670878
0.190985 47.1143 0.0660434
0.191175 47.1621 0.0664362
0.191364 47.1076 0.066604
0.191553 47.0747 0.0660975
0.191743 47.1433 0.066091
0.191932 47.2434 0.0657968
0.192121 47.3416 0.0660789
0.192311 47.3868 0.0687055
0.1925 47.4757 0.0664934
0.192689 47.4462 0.0658272
0.192879 47.5259 0.0671036
0.193068 47.552 0.0664318
0.193257 47.6706 0.0664953
0.193447 47.8159 0.0678037
0.193636 47.7645 0.0687695
0.193825 47.7555 0.0695045
0.194014 47.8984 0.0682081
0.194204 48.0148 0.0662667
0.194393 47.9878 0.0670001
0.194582 47.9319 0.0674626
0.194772 48.045 0.0680413
0.194961 48.1489 0.0685095
0.19515 48.1911 0.0667395
0.19534 48.1455 0.0666124
0.195529 48.149 0.0679887
0.195718 48.159 0.0665432
0.195908 48.1932 0.0669225
0.196097 48.2522 0.0667136
0.196286 48.2155 0.0670975
0.196476 48.3466 0.0664606
0.196665 48.5454 0.0669145
0.196854 48.5763 0.0679083
0.197044 48.5842 0.0679229
0.197233 48.6489 0.0682463
0.197422 48.7291 0.0688509
0.197612 48.8493 0.068048
0.197801 49.0014 0.0687441
0.19799 49.0115 0.0678333
0.198179 49.0371 0.0680754
0.198369 49.0214 0.0665619
0.198558 49.0749 0.0666956
0.198747 49.1132 0.0671737
0.198937 49.1856 0.0664658
0.199126 49.1604 0.0665341
0.199315 49.1432 0.0655429
0.199505 49.1668 0.0659682
0.199694 49.3728 0.0680009
0.199883 49.5366 0.0677769
0.200073 49.5593 0.0683889
0.200262 49.5474 0.0682813
0.200451 49.5259 0.0665396
0.200641 49.5258 0.0672782
0.20083 49.499 0.0677103
0.201019 49.589 0.0686327
0.201209 49.6202 0.0667427
0.201398 49.7363 0.0682553
0.201587 49.7618 0.0683896
0.201777 49.8016 0.0674886
0.201966 49.8426 0.0668088
0.202155 49.9572 0.0675065
0.202344 49.8705 0.068321
0.202534 50.1209 0.0691462
0.202723 50.28 0.0693233
0.202912 50.2536 0.0685291
0.203102 50.3701 0.0683685
0.203291 50.4489 0.0688085
0.20348 50.4265 0.0674191
0.20367 50.5227 0.0683732
0.203859 50.5681 0.0680513
0.204048 50.5918 0.0688101
0.204238 50.6593 0.0677984
0.204427 50.7584 0.0686836
0.204616 50.6871 0.0680418
0.204806 50.752 0.0691763
0.204995 50.7543 0.0682395
0.205184 50.6167 0.0671203
0.205374 50.7413 0.0683703
0.205563 50.863 0.068277
0.205752 50.9703 0.0679058
0.205942 51.0222 0.0696693
0.206131 51.1038 0.0696917
0.20632 51.2425 0.0700089
0.20651 51.19 0.0695976
0.206699 51.2469 0.0685032
0.206888 51.3468 0.0681564
0.207077 51.3837 0.068317
0.207267 51.4407 0.0673766
0.207456 51.6156 0.0682818
0.207645 51.61 0.0697222
0.207835 51.6815 0.0687751
0.208024 51.6079 0.0683484
0.208213 51.6861 0.0691388
0.208403 51.8669 0.0695049
0.208592 51.9254 0.0683109
0.208781 51.9195 0.0689244
0.208971 51.9587 0.0699875
0.20916 52.1259 0.0689819
0.209349 52.2818 0.0692285
0.209539 52.2252 0.0693019
0.209728 52.2616 0.0684385
0.209917 52.2478 0.0696523
0.210107 52.161 0.0698457
0.210296 52.3833 0.0705687
0.210485 52.4693 0.0695862
0.210675 52.4711 0.0699211
0.210864 52.4409 0.0701855
0.211053 52.5336 0.0694826
0.211242 52.7499 0.0694948
0.211432 52.7004 0.0703155
0.211621 52.8455 0.0714317
0.21181 52.8194 0.0700561
0.212 52.8482 0.0694405
0.212189 52.9463 0.0696145
0.212378 53.1355 0.0687416
0.212568 53.2022 0.0699296
0.212757 53.2618 0.0714799
0.212946 53.2242 0.0702293
0.213136 53.3527 0.0691534
0.213325 53.2915 0.0689241
0.213514 53.2581 0.0705518
0.213704 53.3241 0.0692661
0.213893 53.4184 0.0697351
0.214082 53.6161 0.0708779
0.214272 53.6786 0.070953
0.214461 53.8049 0.0711723
0.21465 53.9528 0.0713502
0.21484 53.9815 0.0710073
0.215029 53.9655 0.0703496
0.215218 53.9811 0.0713054
0.215408 54.0115 0.0705259
0.215597 54.0071 0.0712906
0.215786 54.1632 0.0705397
0.215975 54.2989 0.0726152
0.216165 54.3398 0.0706238
0.216354 54.2614 0.071325
0.216543 54.2909 0.0724076
0.216733 54.3759 0.0714994
0.216922 54.5246 0.071165
0.217111 54.4742 0.0708981
0.217301 54.3933 0.0691605
0.21749 54.5177 0.0703195
0.217679 54.553 0.0710534
0.217869 54.5462 0.0727207
0.218058 54.7218 0.0733578
0.218247 54.8224 0.0719016
0.218437 54.7147 0.0707523
0.218626 54.6357 0.070539
0.218815 54.7629 0.0723428
0.219005 54.7918 0.072521
0.219194 54.7884 0.0719835
0.219383 54.9295 0.0718297
0.219573 54.9798 0.0711273
0.219762 54.8773 0.0711434
0.219951 54.8986 0.0721036
0.22014 54.9412 0.0709469
0.22033 55.1189 0.071884
0.220519 55.1754 0.0718366
0.220708 55.2289 0.0720981
0.220898 55.295 0.0716836
0.221087 55.3885 0.0719889
0.221276 55.3746 0.0714123
0.221466 55.565 0.0700197
0.221655 55.5041 0.0700349
0.221844 55.5578 0.0707221
0.222034 55.609 0.0718263
0.222223 55.7699 0.0757895
0.222412 55.6964 0.0775275
0.222602 55.7014 0.0727512
0.222791 55.7801 0.0724131
0.22298 55.8181 0.0709653
0.22317 55.8206 0.0706232
0.223359 55.8552 0.071907
0.223548 55.9641 0.0705957
0.223738 55.934 0.0722717
0.223927 55.9875 0.0715468
0.224116 56.148 0.0725957
0.224306 56.1153 0.0721744
0.224495 56.205 0.0724024
0.224684 56.1498 0.0730242
0.224873 56.2353 0.0715291
0.225063 56.1538 0.0712939
0.225252 56.3466 0.0706154
0.225441 56.5526 0.0713996
0.225631 56.4814 0.0708528
0.22582 56.5551 0.072018
0.226009 56.5473 0.0707992
0.226199 56.496 0.0701393
0.226388 56.5417 0.0723113
0.226577 56.6862 0.0731177
0.226767 56.5331 0.0749205
0.226956 56.6827 0.0730523
0.227145 56.8856 0.0733741
0.227335 57.0006 0.0737788
0.227524 57.0457 0.0740201
0.227713 57.0772 0.0716162
0.227903 57.2762 0.0743196
0.228092 57.2816 0.0767269
0.228281 57.1221 0.0759216
0.228471 57.2465 0.0741305
0.22866 57.3381 0.0749223
0.228849 57.4044 0.0742071
0.229038 57.4017 0.0741762
0.229228 57.4804 0.0738766
0.229417 57.6043 0.0730326
0.229606 57.6998 0.0748711
0.229796 57.7572 0.0753175
0.229985 57.9552 0.0762339
0.230174 57.9349 0.074638
0.230364 57.98 0.0787049
0.230553 58.0774 0.0822207
0.230742 57.9242 0.0804682
0.230932 57.9417 0.0771324
0.231121 57.9215 0.0769537
0.23131 58.0581 0.0759994
0.2315 58.1585 0.0757691
0.231689 58.0578 0.0756129
0.231878 58.1834 0.0754156
0.232068 58.4005 0.0741532
0.232257 58.5339 0.0751708
0.232446 58.5347 0.0747172
0.232636 58.4512 0.0751562
0.232825 58.3713 0.076486
0.233014 58.4805 0.0767083
0.233204 58.6612 0.0765243
0.233393 58.7265 0.0763826
0.233582 58.893 0.0783599
0.233771 58.7879 0.075828
0.233961 58.7281 0.0769999
0.23415 58.8156 0.0774521
0.234339 59.0087 0.0781574
0.234529 59.0645 0.077513
0.234718 58.9715 0.0775387
0.234907 58.859 0.0837436
0.235097 58.7478 0.090793
0.235286 58.5759 0.0998864
0.235475 58.421 0.105711
0.235665 58.3635 0.110681
0.235854 58.341 0.116906
0.236043 58.4056 0.123058
0.236233 58.4282 0.128749
0.236422 58.373 0.132671
0.236611 58.2747 0.131742
0.236801 58.3844 0.130106
0.23699 58.1779 0.131061
0.237179 58.3045 0.131954
0.237369 58.4578 0.129716
0.237558 58.5631 0.13153
0.237747 58.7981 0.127653
0.237936 58.8724 0.122756
0.238126 58.9625 0.11755
0.238315 59.0893 0.114081
0.238504 59.0828 0.109716
0.238694 59.2834 0.103917
0.238883 59.3776 0.102432
0.239072 59.4523 0.101624
0.239262 59.4399 0.101891
0.239451 59.3521 0.103116
0.23964 59.4044 0.103994
0.23983 59.5084 0.103792
0.240019 59.62 0.10158
0.240208 59.7275 0.101348
0.240398 59.72 0.103041
0.240587 59.6924 0.101631
0.240776 59.8281 0.102131
0.240966 59.8359 0.102825
0.241155 59.8027 0.100214
0.241344 59.9709 0.101944
0.241534 60.1377 0.101668
0.241723 59.9735 0.102138
0.241912 60.0031 0.101543
0.242101 59.9933 0.101659
0.242291 60.0972 0.101217
0.24248 60.1131 0.098941
0.242669 60.0273 0.101397
0.242859 59.9969 0.101073
0.243048 60.0799 0.101397
0.243237 60.1962 0.101979
0.243427 60.1386 0.0996176
0.243616 60.1601 0.0987206
0.243805 60.2392 0.100219
0.243995 60.332 0.101212
0.244184 60.2558 0.100635
0.244373 60.4776 0.101534
0.244563 60.3496 0.100425
0.244752 60.6614 0.10126
0.244941 60.8419 0.102622
0.245131 60.8162 0.101375
0.24532 60.7769 0.102266
0.245509 60.6964 0.102714
0.245699 60.7804 0.102838
0.245888 60.7672 0.100986
0.246077 60.5312 0.101542
0.246267 60.7102 0.101925
0.246456 60.914 0.103463
0.246645 61.022 0.101792
0.246834 61.1483 0.103282
0.247024 61.1125 0.101502
0.247213 60.8173 0.102877
0.247402 60.7747 0.101489
0.247592 60.9001 0.0993248
0.247781 60.9731 0.101332
0.24797 61.0825 0.102664
0.24816 61.1679 0.100951
0.248349 61.1482 0.100481
0.248538 61.1848 0.101013
0.248728 61.4086 0.102948
0.248917 61.182 0.101267
0.249106 61.1945 0.102585
0.249296 61.4508 0.103994
0.249485 61.4762 0.102148
0.249674 61.3449 0.103158
0.249864 61.3699 0.102822
0.250053 61.3897 0.10202
0.250242 61.4614 0.104742
0.250432 61.5369 0.102147
0.250621 61.3642 0.10386
0.25081 61.5113 0.100741
0.250999 61.5229 0.10313
0.251189 61.6028 0.10289
0.251378 61.6244 0.103146
0.251567 61.7504 0.101176
0.251757 61.7386 0.105231
0.251946 61.691 0.102979
0.252135 61.819 0.104703
0.252325 61.8556 0.104363
0.252514 61.7947 0.102311
0.252703 61.628 0.105523
0.252893 61.7218 0.104805
0.253082 61.6749 0.103656
0.253271 61.7414 0.104846
0.253461 61.7476 0.104528
0.25365 61.896 0.104081
0.253839 62.1287 0.105465
0.254029 62.1694 0.105593
0.254218 62.1885 0.103784
0.254407 62.0661 0.106759
0.254597 62.0102 0.105337
0.254786 61.9623 0.106434
0.254975 62.1324 0.10635
0.255165 62.1253 0.105794
0.255354 62.0324 0.106627
0.255543 62.1649 0.105022
0.255732 62.3203 0.106913
0.255922 62.2134 0.107595
0.256111 62.1967 0.106828
0.2563 62.1733 0.105763
0.25649 62.2946 0.106427
0.256679 62.3573 0.108163
0.256868 62.4526 0.106961
0.257058 62.3728 0.105745
0.257247 62.1929 0.107936
0.257436 62.2158 0.106322
0.257626 62.3388 0.106739
0.257815 62.4047 0.107717
0.258004 62.235 0.107364
0.258194 62.1055 0.108638
0.258383 62.1844 0.109371
0.258572 62.2871 0.107931
0.258762 62.4285 0.107418
0.258951 62.266 0.109677
0.25914 62.409 0.111467
0.25933 62.54 0.106909
0.259519 62.5829 0.110739
0.259708 62.7133 0.110289
0.259897 62.7373 0.106509
0.260087 62.7819 0.109337
0.260276 62.8295 0.11252
0.260465 62.9198 0.110216
0.260655 62.8235 0.107419
0.260844 62.6496 0.11537
0.261033 62.796 0.108707
0.261223 62.7235 0.107802
0.261412 62.8504 0.108489
0.261601 62.9423 0.1175
0.261791 63.1764 0.110688
0.26198 63.1439 0.109433
0.262169 63.0111 0.109375
0.262359 62.9695 0.113983
0.262548 62.9435 0.111877
0.262737 63.0061 0.110685
0.262927 62.7116 0.108678
0.263116 62.7493 0.108629
0.263305 62.9758 0.113839
0.263495 63.1013 0.112359
0.263684 63.2024 0.109583
0.263873 63.1458 0.108823
0.264062 63.0608 0.111942
0.264252 63.0451 0.11189
0.264441 62.9215 0.113025
0.26463 62.9388 0.11138
0.26482 62.9956 0.117928
0.265009 63.1199 0.116452
0.265198 63.1185 0.113162
0.265388 63.0098 0.11324
0.265577 63.0057 0.113766
0.265766 63.1599 0.113272
0.265956 63.359 0.11281
0.266145 63.2324 0.113079
0.266334 63.3222 0.114413
0.266524 63.1564 0.113398
0.266713 63.2 0.112793
0.266902 63.4707 0.113764
0.267092 63.4042 0.114987
0.267281 63.3973 0.114755
0.26747 63.2588 0.113177
0.26766 63.1057 0.1138
0.267849 63.1206 0.114111
0.268038 63.1416 0.114132
0.268228 63.3567 0.115412
0.268417 63.2685 0.117218
0.268606 63.452 0.116217
0.268795 63.5081 0.115726
0.268985 63.3456 0.116833
0.269174 63.4187 0.115456
0.269363 63.4005 0.113712
0.269553 63.3745 0.11553
0.269742 63.3762 0.120821
0.269931 63.6096 0.126203
0.270121 63.5698 0.11792
0.27031 63.4134 0.117191
0.270499 63.2931 0.114405
0.270689 63.3499 0.11505
0.270878 63.5016 0.11643
0.271067 63.7636 0.116113
0.271257 63.7437 0.117147
0.271446 63.5458 0.1189
0.271635 63.5337 0.117034
0.271825 63.4649 0.115884
0.272014 63.4846 0.11646
0.272203 63.7198 0.118636
0.272393 63.8154 0.119284
0.272582 63.81 0.117388
0.272771 63.5185 0.120306
0.27296 63.4559 0.118081
0.27315 63.6371 0.117997
0.273339 63.9269 0.119665
0.273528 63.9096 0.115367
0.273718 63.7532 0.120226
0.273907 63.4807 0.119678
0.274096 63.4036 0.117321
0.274286 63.6021 0.119195
0.274475 63.778 0.12027
0.274664 63.9605 0.119479
0.274854 63.9529 0.118007
0.275043 64.0013 0.121494
0.275232 64.0679 0.119768
0.275422 63.9368 0.120628
0.275611 63.8396 0.119241
0.2758 63.9077 0.119166
0.27599 63.8577 0.122458
0.276179 63.9244 0.120223
0.276368 63.6557 0.118621
0.276558 64.0147 0.117802
0.276747 63.963 0.12364
0.276936 63.8382 0.124489
0.277126 63.8761 0.120312
0.277315 63.9449 0.124074
0.277504 64.0193 0.122727
0.277693 63.794 0.123005
0.277883 63.897 0.121447
0.278072 63.8308 0.1214
0.278261 63.8461 0.120723
0.278451 63.9892 0.11989
0.27864 63.8856 0.12301
0.278829 64.0863 0.123019
0.279019 64.0273 0.123152
0.279208 64.0144 0.125121
0.279397 64.1171 0.123103
0.279587 64.1713 0.12439
0.279776 64.0114 0.139639
0.279965 64.0453 0.121869
0.280155 64.1819 0.132661
0.280344 64.2047 0.128725
0.280533 64.1814 0.119952
0.280723 64.0557 0.12601
0.280912 64.2909 0.122548
0.281101 64.3452 0.125403
0.281291 64.0868 0.12911
0.28148 64.1081 0.119735
0.281669 64.0049 0.12703
0.281859 64.228 0.124466
0.282048 64.2537 0.123995
0.282237 64.0707 0.131113
0.282426 64.1065 0.122572
0.282616 63.8708 0.128072
0.282805 64.0088 0.12342
0.282994 64.0451 0.125927
0.283184 64.0206 0.126335
0.283373 64.2697 0.125749
0.283562 64.4799 0.127912
0.283752 64.5663 0.127105
0.283941 64.4693 0.129631
0.28413 64.2798 0.125696
0.28432 64.2546 0.127827
0.284509 64.3705 0.128784
0.284698 64.3661 0.129439
0.284888 64.2979 0.130663
0.285077 64.4213 0.12705
0.285266 64.5605 0.128122
0.285456 64.5386 0.128104
0.285645 64.3906 0.12877
0.285834 64.2915 0.12666
0.286023 64.356 0.129525
0.286213 64.4237 0.128195
0.286402 64.389 0.126863
0.286591 64.3876 0.128619
0.286781 64.4025 0.127436
0.28697 64.3596 0.128808
0.287159 64.4966 0.126777
0.287349 64.5329 0.13045
0.287538 64.3343 0.131961
0.287727 64.3077 0.128943
0.287917 64.3014 0.129882
0.288106 64.3384 0.130909
0.288295 64.3237 0.132373
0.288485 64.4091 0.132994
0.288674 64.2944 0.133506
0.288863 64.2786 0.134544
0.289053 64.3369 0.130706
0.289242 64.3673 0.13517
0.289431 64.542 0.13369
0.289621 64.7264 0.130841
0.28981 64.728 0.134548
0.289999 64.375 0.133236
0.290189 64.3724 0.133504
0.290378 64.3457 0.130706
0.290567 64.4574 0.130991
0.290756 64.5021 0.132635
0.290946 64.4315 0.132119
0.291135 64.532 0.131911
0.291324 64.7047 0.132356
0.291514 64.5268 0.133545
0.291703 64.3795 0.146423
0.291892 64.2767 0.131883
0.292082 64.5721 0.13472
0.292271 64.7823 0.135554
0.29246 64.8565 0.134927
0.29265 64.7425 0.13303
0.292839 64.6746 0.134229
0.293028 64.5888 0.13452
0.293218 64.855 0.135378
0.293407 64.9202 0.137176
0.293596 64.7564 0.138714
0.293786 64.6885 0.139632
0.293975 64.8405 0.136606
0.294164 64.6414 0.136633
0.294354 64.668 0.134587
0.294543 64.6193 0.134748
0.294732 64.8126 0.135757
0.294922 64.6626 0.132887
0.295111 64.7301 0.134439
0.2953 64.6892 0.135113
0.295489 64.685 0.137243
0.295679 64.9258 0.134812
0.295868 65.1434 0.129685
0.296057 65.1851 0.119818
0.296247 65.1574 0.116556
0.296436 64.9278 0.117406
0.296625 65.0603 0.109784
0.296815 64.8831 0.108954
0.297004 64.8664 0.107579
0.297193 65.0726 0.109055
0.297383 65.1333 0.108464
0.297572 65.4361 0.108503
0.297761 65.129 0.108551
0.297951 65.0952 0.107631
0.29814 65.2456 0.106355
0.298329 65.2806 0.107636
0.298519 65.1903 0.104855
0.298708 65.3554 0.108691
0.298897 65.5224 0.10789
0.299087 65.0683 0.109711
0.299276 65.0942 0.112888
0.299465 65.218 0.108539
0.299654 65.4474 0.109291
0.299844 65.1995 0.108395
0.300033 65.1369 0.109289
0.300222 65.1498 0.106892
0.300412 65.0995 0.107486
0.300601 65.2112 0.105234
0.30079 65.3033 0.105551
0.30098 65.2308 0.109484
0.301169 65.3243 0.10892
0.301358 65.3997 0.108106
0.301548 65.1027 0.107354
0.301737 65.1035 0.105461
0.301926 64.9366 0.107061
0.302116 64.9741 0.108797
0.302305 64.9918 0.110052
0.302494 65.2107 0.110476
0.302684 65.1203 0.108361
0.302873 65.0972 0.107955
0.303062 65.1271 0.106418
0.303252 65.2138 0.110693
0.303441 65.2984 0.111423
0.30363 65.4441 0.107232
0.30382 65.3035 0.109217
0.304009 65.2204 0.108894
0.304198 65.401 0.107966
0.304387 65.4846 0.10819
0.304577 65.6862 0.106733
0.304766 65.6284 0.108081
0.304955 65.3832 0.10758
0.305145 65.0795 0.108585
0.305334 65.159 0.110538
0.305523 65.0708 0.113974
0.305713 65.295 0.110556
0.305902 65.313 0.109353
0.306091 65.3993 0.111621
0.306281 65.4322 0.108289
0.30647 65.3702 0.105684
0.306659 65.2708 0.106806
0.306849 65.4496 0.106712
0.307038 65.3939 0.111992
0.307227 65.576 0.111939
0.307417 65.3479 0.110809
0.307606 65.2642 0.112608
0.307795 65.355 0.112321
0.307985 65.2945 0.112599
0.308174 65.3813 0.111103
0.308363 65.4009 0.111944
0.308552 65.6108 0.110898
0.308742 65.4231 0.109563
0.308931 65.2619 0.110517
0.30912 65.3303 0.104563
0.30931 65.3552 0.11142
0.309499 65.6117 0.104258
0.309688 65.58 0.10752
0.309878 65.4764 0.110803
0.310067 65.2842 0.105988
0.310256 65.3462 0.106553
0.310446 65.4752 0.107335
0.310635 65.2592 0.107833
0.310824 65.1747 0.10726
0.311014 65.3544 0.108502
0.311203 65.3736 0.107848
0.311392 65.3372 0.107152
0.311582 65.4439 0.10796
0.311771 65.1626 0.111346
0.31196 65.2164 0.112106
0.31215 65.194 0.108864
0.312339 65.2298 0.108039
0.312528 65.3973 0.111609
0.312717 65.2976 0.10932
0.312907 65.3179 0.108368
0.313096 65.2298 0.103398
0.313285 65.3574 0.105114
0.313475 65.5945 0.105399
0.313664 65.2841 0.10732
0.313853 65.3227 0.11064
0.314043 65.4794 0.112292
0.314232 65.8692 0.113804
0.314421 65.8869 0.112224
0.314611 65.7856 0.110052
0.3148 65.5488 0.11092
0.314989 65.7295 0.109127
0.315179 65.5068 0.109207
0.315368 65.4698 0.111096
0.315557 65.1272 0.108777
0.315747 65.2706 0.110523
0.315936 65.2569 0.110326
0.316125 65.2331 0.11172
0.316315 65.1672 0.108853
0.316504 65.3929 0.112338
0.316693 65.3968 0.109633
0.316883 65.3451 0.105317
0.317072 65.1431 0.110759
0.317261 65.3971 0.111287
0.31745 65.525 0.111163
0.31764 65.552 0.111241
0.317829 65.5359 0.109206
0.318018 65.609 0.110346
0.318208 65.6948 0.109791
0.318397 65.6475 0.109208
0.318586 65.5746 0.108959
0.318776 65.5049 0.108621
0.318965 65.3205 0.108949
0.319154 65.274 0.109012
0.319344 65.4115 0.105982
0.319533 65.6316 0.105865
0.319722 65.4676 0.108966
0.319912 65.4668 0.10905
0.320101 65.3444 0.112186
0.32029 65.5483 0.113701
0.32048 65.9304 0.110519
0.320669 65.7742 0.112091
0.320858 65.4906 0.109356
0.321048 65.6523 0.109971
0.321237 65.8447 0.108967
0.321426 65.7771 0.112547
0.321615 65.6228 0.111791
0.321805 65.8932 0.11275
0.321994 65.7121 0.109483
0.322183 65.5458 0.109508
0.322373 65.6082 0.110266
0.322562 65.5625 0.109851
0.322751 65.4927 0.109204
0.322941 65.5106 0.111652
0.32313 65.6351 0.110223
0.323319 65.5313 0.108555
0.323509 65.6264 0.109566
0.323698 65.555 0.108668
0.323887 65.6101 0.113547
0.324077 65.6345 0.1138
0.324266 65.4699 0.11135
0.324455 65.5032 0.10947
0.324645 65.4187 0.110068
0.324834 65.5268 0.111174
0.325023 65.5595 0.111568
0.325213 65.6625 0.112125
0.325402 65.5636 0.109283
0.325591 65.2656 0.108637
0.325781 65.2575 0.108228
0.32597 65.4379 0.105817
0.326159 65.4812 0.11127
0.326348 65.4887 0.110104
0.326538 65.5886 0.108578
0.326727 65.6751 0.110309
0.326916 65.7403 0.11045
0.327106 65.5574 0.112529
0.327295 65.5355 0.113986
0.327484 65.5232 0.11351
0.327674 65.4681 0.110174
0.327863 65.2456 0.115498
0.328052 65.4393 0.11423
0.328242 65.3755 0.114386
0.328431 65.5312 0.112703
0.32862 65.4649 0.112463
0.32881 65.416 0.111371
0.328999 65.6048 0.111334
0.329188 65.7599 0.113805
0.329378 65.6465 0.114441
0.329567 65.7146 0.11151
0.329756 65.6214 0.11068
0.329946 65.7117 0.115122
0.330135 65.7169 0.1131
0.330324 65.5404 0.111218
0.330513 65.4912 0.112325
0.330703 65.5067 0.111512
0.330892 65.6203 0.110025
0.331081 65.3732 0.112469
0.331271 65.2164 0.111066
0.33146 65.1397 0.108959
0.331649 65.4544 0.111764
0.331839 65.5563 0.11326
0.332028 65.5312 0.111437
0.332217 65.4321 0.111731
0.332407 65.5334 0.11005
0.332596 65.492 0.111492
0.332785 65.3923 0.111843
0.332975 65.4515 0.113169
0.333164 65.66 0.110298
0.333353 65.6282 0.108363
0.333543 65.7619 0.122232
0.333732 65.5243 0.124192
0.333921 65.6111 0.118866
0.334111 65.4493 0.113806
0.3343 65.4209 0.112655
0.334489 65.5067 0.11
0.334679 65.4446 0.112195
0.334868 65.5863 0.113747
0.335057 65.6268 0.110977
0.335246 65.2635 0.11141
0.335436 65.2714 0.110856
0.335625 65.5121 0.111003
0.335814 65.4015 0.111354
0.336004 65.4108 0.111117
0.336193 65.5762 0.11179
0.336382 65.6342 0.110921
0.336572 65.6158 0.11033
0.336761 65.6559 0.111979
0.33695 65.6478 0.111136
0.33714 65.432 0.107391
0.337329 65.3059 0.110369
0.337518 65.192 0.108988
0.337708 65.2817 0.111551
0.337897 65.483 0.110056
0.338086 65.6609 0.109084
0.338276 65.6561 0.109384
0.338465 65.4856 0.112392
0.338654 65.4421 0.112794
0.338844 65.6595 0.111338
0.339033 65.6437 0.109351
0.339222 65.6635 0.108977
0.339411 65.4592 0.111937
0.339601 65.4954 0.112832
0.33979 65.3074 0.112704
0.339979 65.2425 0.111598
0.340169 65.1573 0.112484
0.340358 65.1265 0.111539
0.340547 65.2811 0.109976
0.340737 65.238 0.110638
0.340926 65.2674 0.110028
0.341115 65.4159 0.110547
0.341305 65.5065 0.11136
0.341494 65.3549 0.108771
0.341683 65.3138 0.112417
0.341873 65.3146 0.112948
0.342062 65.4155 0.111512
0.342251 65.3989 0.109935
0.342441 65.2969 0.111417
0.34263 65.3545 0.117546
0.342819 65.6725 0.110915
0.343009 65.5807 0.113855
0.343198 65.568 0.111688
0.343387 65.4376 0.111148
0.343576 65.4185 0.113568
0.343766 65.4493 0.113489
0.343955 65.3441 0.123537
0.344144 65.3148 0.126944
0.344334 65.3007 0.122129
0.344523 65.4679 0.118564
0.344712 65.4427 0.112694
0.344902 65.1158 0.110895
0.345091 65.4738 0.108175
0.34528 65.7534 0.113281
0.34547 65.4876 0.111088
0.345659 65.3463 0.111474
0.345848 65.3511 0.111991
0.346038 65.3462 0.112225
0.346227 65.2767 0.111135
0.346416 65.2516 0.111223
0.346606 65.2568 0.108593
0.346795 65.4588 0.115681
0.346984 65.6958 0.113783
0.347174 65.4355 0.112622
0.347363 65.2532 0.111063
0.347552 65.1985 0.111715
0.347742 65.5149 0.108839
0.347931 65.419 0.110194
0.34812 65.3226 0.110187
0.348309 65.1319 0.111113
0.348499 65.3509 0.111647
0.348688 65.4972 0.109024
0.348877 65.4268 0.110314
0.349067 65.341 0.111407
0.349256 65.5738 0.107454
0.349445 65.6332 0.110637
0.349635 65.5998 0.109252
0.349824 65.6376 0.113167
0.350013 65.6061 0.115795
0.350203 65.6919 0.116578
0.350392 65.5006 0.112607
0.350581 65.3771 0.111831
0.350771 65.4148 0.111868
0.35096 65.2953 0.108282
0.351149 65.392 0.1089
0.351339 65.4929 0.10848
0.351528 65.5168 0.109356
0.351717 65.5351 0.112438
0.351907 65.476 0.110989
0.352096 65.4181 0.112375
0.352285 65.3087 0.113605
0.352474 65.3418 0.11104
0.352664 65.3898 0.112482
0.352853 65.3711 0.111479
0.353042 65.5279 0.109682
0.353232 65.5481 0.111433
0.353421 65.4051 0.108165
0.35361 65.4768 0.110962
0.3538 65.3988 0.111124
0.353989 65.5597 0.110363
0.354178 65.5047 0.112004
0.354368 65.4385 0.114627
0.354557 65.433 0.113464
0.354746 65.5042 0.111818
0.354936 65.4319 0.111998
0.355125 65.706 0.110952
0.355314 65.4026 0.111141
0.355504 65.3692 0.108656
0.355693 65.2541 0.10809
0.355882 65.2439 0.109842
0.356072 65.1514 0.109896
0.356261 65.1541 0.106561
0.35645 65.1129 0.110213
0.35664 65.1889 0.109789
0.356829 65.2133 0.113242
0.357018 65.1593 0.113616
0.357207 65.126 0.111363
0.357397 65.0665 0.113445
0.357586 65.2902 0.114133
0.357775 65.344 0.112671
0.357965 65.279 0.113719
0.358154 65.3419 0.113855
0.358343 65.2586 0.112539
0.358533 65.397 0.111419
0.358722 65.3999 0.112494
0.358911 65.4239 0.110086
0.359101 65.3814 0.112811
0.35929 65.3326 0.111339
0.359479 65.198 0.11036
0.359669 65.3589 0.112997
0.359858 65.3839 0.113432
0.360047 65.3934 0.110156
0.360237 65.558 0.1078
0.360426 65.5896 0.112266
0.360615 65.3882 0.110612
0.360805 65.5047 0.111241
0.360994 65.4108 0.113607
0.361183 65.2853 0.112308
0.361373 65.3791 0.113597
0.361562 65.4775 0.105985
0.361751 65.4942 0.107868
0.36194 65.3516 0.111092
0.36213 65.3661 0.114232
0.362319 65.3745 0.113299
0.362508 65.6055 0.112411
0.362698 65.5224 0.111526
0.362887 65.3445 0.112452
0.363076 65.3196 0.108932
0.363266 65.5391 0.113012
0.363455 65.4262 0.114986
0.363644 65.3904 0.111646
0.363834 65.2028 0.111111
0.364023 65.2329 0.110017
0.364212 65.4946 0.11247
0.364402 65.5716 0.111238
0.364591 65.5813 0.112255
0.36478 65.5013 0.11008
0.36497 65.35 0.113221
0.365159 65.5303 0.116294
0.365348 65.4478 0.113319
0.365537 65.4194 0.11187
0.365727 65.4802 0.114172
0.365916 65.4409 0.110518
0.366105 65.3873 0.109097
0.366295 65.3888 0.109529
0.366484 65.2838 0.108078
0.366673 65.3297 0.108098
0.366863 65.2382 0.110027
0.367052 65.1808 0.110808
0.367241 65.4732 0.110307
0.367431 65.3148 0.111073
0.36762 65.2069 0.110048
0.367809 65.3501 0.109386
0.367999 65.362 0.112062
0.368188 65.2047 0.113626
0.368377 65.3549 0.11246
0.368567 65.6174 0.112129
0.368756 65.4209 0.108602
0.368945 65.4404 0.110232
0.369135 65.264 0.113368
0.369324 65.1221 0.113678
0.369513 65.2364 0.11566
0.369703 65.4412 0.110678
0.369892 65.4637 0.110378
0.370081 65.5271 0.111098
0.37027 65.468 0.123371
0.37046 65.6182 0.136569
0.370649 65.2913 0.1251
0.370838 65.0984 0.110283
0.371028 65.0205 0.109885
0.371217 65.2197 0.113918
0.371406 65.3692 0.112363
0.371596 65.3415 0.111187
0.371785 65.4667 0.11216
0.371974 65.4767 0.108272
0.372164 65.3669 0.110548
0.372353 65.4218 0.108343
0.372542 65.3084 0.106735
0.372732 65.203 0.109287
0.372921 65.3107 0.109885
0.37311 65.3766 0.111937
0.3733 65.4398 0.111483
0.373489 65.6093 0.11092
0.373678 65.8052 0.110922
0.373868 65.8113 0.112788
0.374057 65.939 0.114559
0.374246 65.6731 0.111983
0.374436 65.6933 0.112069
0.374625 65.6166 0.111095
0.374814 65.45 0.110846
0.375003 65.2258 0.110148
0.375193 65.4032 0.109357
0.375382 65.3534 0.11105
0.375571 65.5335 0.111213
0.375761 65.555 0.10949
0.37595 65.4843 0.109315
0.376139 65.4509 0.110543
0.376329 65.7093 0.111625
0.376518 65.6126 0.107929
0.376707 65.5671 0.110504
0.376897 65.4853 0.111277
0.377086 65.5891 0.114462
0.377275 65.6965 0.111801
0.377465 65.7193 0.110681
0.377654 65.6234 0.114146
0.377843 65.293 0.111614
0.378033 65.2445 0.112505
0.378222 65.3615 0.110248
0.378411 65.3983 0.109516
0.378601 65.4656 0.108673
0.37879 65.4093 0.109096
0.378979 65.489 0.114765
0.379168 65.6177 0.113108
0.379358 65.7153 0.106545
0.379547 65.561 0.108475
0.379736 65.4856 0.112847
0.379926 65.3779 0.112627
0.380115 65.4351 0.110744
0.380304 65.4777 0.125168
0.380494 65.5475 0.110356
0.380683 65.5962 0.110779
0.380872 65.58 0.113833
0.381062 65.7294 0.11363
0.381251 65.5552 0.110173
0.38144 65.507 0.10677
0.38163 65.5653 0.108563
0.381819 65.6929 0.113664
0.382008 65.6408 0.110419
0.382198 65.5768 0.112388
0.382387 65.6026 0.108412
0.382576 65.6675 0.10805
0.382766 65.6842 0.114161
0.382955 65.7157 0.111303
0.383144 65.8148 0.109093
0.383334 65.9046 0.110073
0.383523 65.5705 0.110797
0.383712 65.589 0.109144
0.383901 65.8136 0.113102
0.384091 65.814 0.112162
0.38428 65.4028 0.110714
0.384469 65.4967 0.111588
0.384659 65.4805 0.107677
0.384848 65.6509 0.108242
0.385037 65.7142 0.108447
0.385227 65.5835 0.110988
0.385416 65.2424 0.1108
0.385605 65.2504 0.108281
0.385795 65.5791 0.108152
0.385984 65.7359 0.12126
0.386173 65.5941 0.150199
0.386363 65.2707 0.109254
0.386552 65.5943 0.111329
0.386741 65.864 0.110377
0.386931 65.8039 0.111309
0.38712 65.6786 0.110077
0.387309 65.5139 0.110471
0.387499 65.4706 0.107063
0.387688 65.487 0.109598
0.387877 65.6742 0.10859
0.388066 65.5649 0.11001
0.388256 65.582 0.110123
0.388445 65.6284 0.110934
0.388634 65.4488 0.108301
0.388824 65.567 0.110431
0.389013 65.7914 0.107527
0.389202 65.7227 0.110067
0.389392 65.8056 0.110293
0.389581 65.9179 0.110153
0.38977 65.8318 0.10678
0.38996 65.6652 0.107208
0.390149 65.7529 0.107304
0.390338 65.5349 0.110909
0.390528 65.5599 0.108507
0.390717 65.5387 0.108453
0.390906 65.4438 0.109059
0.391096 65.3415 0.108474
0.391285 65.5025 0.11083
0.391474 65.8613 0.112068
0.391664 66.0089 0.106579
0.391853 65.7458 0.107256
0.392042 65.5894 0.109621
0.392231 65.6534 0.106212
0.392421 65.7477 0.107343
0.39261 66.073 0.109881
0.392799 66.2262 0.115091
0.392989 66.222 0.111722
0.393178 65.8656 0.112469
0.393367 65.8382 0.114275
0.393557 65.9075 0.114562
0.393746 65.8727 0.117452
0.393935 65.991 0.119383
0.394125 65.5622 0.121592
0.394314 65.7217 0.122425
0.394503 65.7996 0.11688
0.394693 65.5662 0.11502
0.394882 65.3796 0.115852
0.395071 65.3997 0.120005
0.395261 65.5423 0.124034
0.39545 65.7604 0.125148
0.395639 65.887 0.124792
0.395829 65.8294 0.124187
0.396018 65.9312 0.122891
0.396207 65.6831 0.125645
0.396397 65.6916 0.127747
0.396586 65.6256 0.127492
0.396775 65.7613 0.130921
0.396964 65.575 0.126593
0.397154 65.6916 0.128251
0.397343 65.7882 0.129424
0.397532 65.4108 0.126944
0.397722 65.6706 0.131092
0.397911 65.4843 0.130621
0.3981 65.6003 0.132092
0.39829 65.6727 0.137949
0.398479 65.551 0.13392
0.398668 65.568 0.131675
0.398858 65.8238 0.133484
0.399047 65.7094 0.135902
0.399236 65.803 0.135958
0.399426 66.0218 0.136181
0.399615 65.814 0.13144
0.399804 65.7171 0.136573
0.399994 65.6788 0.139587
0.400183 65.5275 0.138299
0.400372 65.4893 0.139593
0.400562 65.6418 0.143836
0.400751 65.7471 0.138994
0.40094 65.6745 0.135799
0.401129 65.854 0.137581
0.401319 65.9642 0.137378
0.401508 66.1084 0.141223
0.401697 66.1628 0.14712
0.401887 66.1684 0.1418
0.402076 66.0388 0.144965
0.402265 66.1021 0.144125
0.402455 66.1352 0.14543
0.402644 65.8993 0.145102
0.402833 66.0445 0.15076
0.403023 65.93 0.14745
0.403212 65.8915 0.146469
0.403401 65.7107 0.148898
0.403591 65.3805 0.154207
0.40378 65.6929 0.151904
0.403969 66.0941 0.152385
0.404159 65.8729 0.151606
0.404348 65.7457 0.155332
0.404537 65.6122 0.152834
0.404727 65.9996 0.150668
0.404916 66.0378 0.152951
0.405105 66.0717 0.151516
0.405295 66.0578 0.154342
0.405484 65.9853 0.150749
0.405673 66.3532 0.152656
0.405862 66.5363 0.156591
0.406052 66.0835 0.158371
0.406241 65.8394 0.150496
0.40643 65.9472 0.156595
0.40662 65.886 0.16121
0.406809 66.1121 0.165669
0.406998 65.9174 0.164245
0.407188 66.1076 0.15804
0.407377 66.164 0.165648
0.407566 66.0514 0.167172
0.407756 65.9552 0.161817
0.407945 66.0027 0.163662
0.408134 65.9292 0.156859
0.408324 66.2114 0.160144
0.408513 66.3692 0.162677
0.408702 66.061 0.162304
0.408892 65.9885 0.160594
0.409081 65.3855 0.16558
0.40927 65.5432 0.166534
0.40946 66.1989 0.173176
0.409649 66.1279 0.175443
0.409838 66.049 0.167986
0.410027 65.7256 0.167312
0.410217 65.7326 0.168343
0.410406 65.9431 0.173829
0.410595 65.8637 0.174289
0.410785 66.0284 0.169889
0.410974 65.7374 0.175622
0.411163 66.0159 0.174406
0.411353 65.8345 0.180005
0.411542 65.6016 0.170992
0.411731 65.7944 0.16184
0.411921 66.0629 0.173736
0.41211 66.3028 0.171261
0.412299 65.8514 0.177744
0.412489 65.8201 0.1806
0.412678 65.7111 0.170855
0.412867 65.2057 0.185804
0.413057 65.4144 0.184416
0.413246 65.7713 0.181795
0.413435 65.9932 0.183547
0.413625 65.6129 0.18783
0.413814 65.5693 0.185028
0.414003 65.3913 0.187272
0.414192 65.54 0.190465
0.414382 66.0911 0.190406
0.414571 66.2078 0.19107
0.41476 65.9989 0.191675
0.41495 65.8894 0.188323
0.415139 65.8761 0.197788
0.415328 65.9556 0.182992
0.415518 66.1525 0.189842
0.415707 66.0641 0.187729
0.415896 66.346 0.196671
0.416086 66.2803 0.204186
0.416275 65.9499 0.196113
0.416464 66.0434 0.198312
0.416654 65.9815 0.200911
0.416843 65.7541 0.189497
0.417032 65.6205 0.198615
0.417222 65.4554 0.197523
0.417411 65.9938 0.199551
0.4176 66.5925 0.207207
0.41779 66.1941 0.20306
0.417979 66.1908 0.188124
0.418168 66.2883 0.194711
0.418358 66.129 0.192712
0.418547 66.1983 0.19783
0.418736 65.9814 0.205332
0.418925 65.8999 0.216237
0.419115 65.8046 0.220577
0.419304 65.5396 0.200393
0.419493 65.2269 0.209851
0.419683 65.544 0.220262
0.419872 65.8014 0.215401
0.420061 65.7228 0.221289
0.420251 65.8349 0.22046
0.42044 66.0833 0.219745
0.420629 66.0355 0.221427
0.420819 65.751 0.220366
0.421008 65.4744 0.221593
0.421197 65.4665 0.214221
0.421387 65.8328 0.218798
0.421576 66.0159 0.229754
0.421765 65.8483 0.223615
0.421955 65.7905 0.222464
0.422144 65.958 0.24074
0.422333 66.0795 0.230714
0.422523 66.2796 0.220725
0.422712 66.4977 0.219636
0.422901 66.403 0.233859
0.42309 66.3929 0.220295
0.42328 65.7588 0.234438
0.423469 65.6402 0.22545
0.423658 66.2046 0.241799
0.423848 66.3096 0.252021
0.424037 65.8648 0.251148
0.424226 65.6969 0.241828
0.424416 65.8537 0.235292
0.424605 65.2516 0.239371
0.424794 65.6079 0.231912
0.424984 65.4651 0.244671
0.425173 65.752 0.243592
0.425362 66.0637 0.249589
0.425552 66.2196 0.25265
0.425741 66.0552 0.237664
0.42593 66.12 0.239851
0.42612 65.999 0.249748
0.426309 65.8194 0.234356
0.426498 65.6764 0.258119
0.426688 65.9157 0.249969
0.426877 65.5198 0.254381
0.427066 65.5735 0.261104
0.427256 65.8511 0.270098
0.427445 66.3312 0.261062
0.427634 66.4417 0.262487
0.427823 66.4226 0.263864
0.428013 65.3015 0.295892
0.428202 65.6149 0.274768
0.428391 66.2894 0.281572
0.428581 66.0374 0.287177
0.42877 66.3835 0.307016
0.428959 65.5656 0.294623
0.429149 65.4091 0.300805
0.429338 65.5827 0.291476
0.429527 65.5214 0.298566
0.429717 65.9691 0.287814
0.429906 65.6015 0.292904
0.430095 65.0787 0.287894
0.430285 65.6055 0.307715
0.430474 65.5353 0.346632
0.430663 65.7354 0.310504
0.430853 65.4874 0.282538
0.431042 65.4257 0.291907
0.431231 65.5988 0.299015
0.431421 66.0498 0.290144
0.43161 65.947 0.306136
0.431799 65.2202 0.29755
0.431988 65.7246 0.326733
0.432178 65.4082 0.345025
0.432367 65.5377 0.350497
0.432556 65.5717 0.345662
0.432746 66.2355 0.355236
0.432935 66.6997 0.356315
0.433124 66.3207 0.375895
0.433314 66.8383 0.396145
0.433503 66.6709 0.361329
0.433692 66.3892 0.386655
0.433882 66.4458 0.405862
0.434071 66.5431 0.371247
0.43426 66.1645 0.375057
0.43445 65.5034 0.408111
0.434639 65.2933 0.404854
0.434828 66.0569 0.445717
0.435018 65.6994 0.450735
0.435207 65.1854 0.435926
0.435396 66.0518 0.413227
0.435586 66.5894 0.509805
0.435775 66.7159 0.45529
0.435964 66.4851 0.484011
0.436154 65.9357 0.475195
0.436343 66.3254 0.43513
0.436532 66.3203 0.456858
0.436721 66.1494 0.514361
0.436911 66.213 0.52906
0.4371 65.6908 0.539055
0.437289 66.4637 0.697718
0.437479 67.2437 0.606878
0.437668 67.0567 0.64182
0.437857 67.0891 0.624103
0.438047 67.7917 0.565695
0.438236 68.8431 0.726033
0.438425 68.3114 0.763844
0.438615 67.9413 0.733988
0.438804 68.2436 0.571276
0.438993 67.464 0.828354
0.439183 65.5492 0.794397
0.439372 67.2278 0.879385
0.439561 69.1411 0.860158
0.439751 68.5422 0.904531
0.43994 67.3336 0.871592
0.440129 65.6359 0.854972
0.440319 67.8372 1.04273
0.440508 67.5716 0.954892
0.440697 68.0712 1.13809
0.440886 67.1652 0.864757
0.441076 67.2121 0.831593
0.441265 67.2278 0.964943
0.441454 68.202 2.23881
0.441644 67.5157 3.54561
0.441833 66.2503 4.32896
0.442022 64.8358 2.26269
